NbChain: 10
Gamma: 3
9 5 0.60 2.92 0.51 1.27 2.24 1.25 2.94 4.10 0.39 2.89 
8 5 3.80 4.78 3.81 3.16 4.21 1.83 2.87 1.58 3.03 1.99 
7 5 0.25 0.18 2.98 1.10 0.07 2.65 4.32 4.45 3.47 0.20 
6 5 2.41 1.75 4.03 4.35 3.32 1.41 3.71 4.34 4.10 3.16 
5 5 0.96 2.23 3.95 1.97 3.96 2.24 3.54 2.22 1.74 2.69 
4 5 2.20 1.93 1.03 2.61 3.32 3.53 0.98 4.88 2.79 2.57 
3 5 2.72 4.12 1.04 1.00 2.70 4.69 0.25 0.16 2.20 1.49 
2 5 3.27 2.13 3.01 3.73 3.69 1.73 0.48 1.27 0.49 1.61 
1 5 0.90 4.13 4.28 3.67 2.55 1.15 2.09 0.76 4.85 1.86 
0 5 3.08 1.79 3.31 3.03 4.44 0.88 2.96 1.21 3.21 3.11 
