500 2.417485 2.428933 2.319472 2.698518 2.266811 0.057167
1000 26.849712 27.147977 26.796637 26.451137 26.375698 0.130770
1500 51.972440 51.295618 52.092804 60.580694 64.288343 0.214787
2000 73.611763 72.096550 71.655927 72.539062 81.893507 0.109084
2500 107.437090 94.834561 97.568148 100.708708 101.665748 0.162001
3000 170.157367 170.448366 169.094687 170.188906 167.182009 0.175183
3500 257.246699 252.031097 257.295414 250.761658 254.299281 0.239735
4000 358.146483 348.367241 352.935158 348.307755 346.689461 0.245769
4500 463.284345 476.143912 470.545770 457.024102 456.317753 0.282837
5000 598.178035 605.644664 611.963553 589.055283 587.565740 0.319926
